
==================== Board: [3x3]input/bad9x9.txt ====================
Starting... 
Moves: 0
+-------+-------+-------+
| 4     | 6 9 8 |   7   |
|   2 7 |     5 |   4 8 |
| 6 1 8 |       | 9   5 |
+-------+-------+-------+
| 9 9 6 | 5     | 2 3 7 |
|       |   7   |       |
| 7 5 4 |     3 | 8   9 |
+-------+-------+-------+
| 8   2 |       | 7 9 4 |
| 5 4   | 7     | 1 6   |
|   7   | 9   6 |     2 |
+-------+-------+-------+
  Basesize: 3
     Moves: 0
    Placed: 0
Backtracks: 0
  Filename: input/bad9x9.txt

Move: 1, Placing 1 at 1,2 (cell: 2).  Duplicates: #1 at cell 19 (3,2) 
Moves: 1
+-------+-------+-------+
| 4 1   | 6 9 8 |   7   |
|   2 7 |     5 |   4 8 |
| 6 1 8 |       | 9   5 |
+-------+-------+-------+
| 9 9 6 | 5     | 2 3 7 |
|       |   7   |       |
| 7 5 4 |     3 | 8   9 |
+-------+-------+-------+
| 8   2 |       | 7 9 4 |
| 5 4   | 7     | 1 6   |
|   7   | 9   6 |     2 |
+-------+-------+-------+
  Basesize: 3
     Moves: 1
    Placed: 1
Backtracks: 0
  Filename: input/bad9x9.txt

Move: 1, Removing 1 from 1,2 (cell: 2).
Moves: 1
+-------+-------+-------+
| 4     | 6 9 8 |   7   |
|   2 7 |     5 |   4 8 |
| 6 1 8 |       | 9   5 |
+-------+-------+-------+
| 9 9 6 | 5     | 2 3 7 |
|       |   7   |       |
| 7 5 4 |     3 | 8   9 |
+-------+-------+-------+
| 8   2 |       | 7 9 4 |
| 5 4   | 7     | 1 6   |
|   7   | 9   6 |     2 |
+-------+-------+-------+
  Basesize: 3
     Moves: 1
    Placed: 0
Backtracks: 0
  Filename: input/bad9x9.txt

Move: 2, Placing 2 at 1,2 (cell: 2).  Duplicates: #1 at cell 10 (2,2) 
Moves: 2
+-------+-------+-------+
| 4 2   | 6 9 8 |   7   |
|   2 7 |     5 |   4 8 |
| 6 1 8 |       | 9   5 |
+-------+-------+-------+
| 9 9 6 | 5     | 2 3 7 |
|       |   7   |       |
| 7 5 4 |     3 | 8   9 |
+-------+-------+-------+
| 8   2 |       | 7 9 4 |
| 5 4   | 7     | 1 6   |
|   7   | 9   6 |     2 |
+-------+-------+-------+
  Basesize: 3
     Moves: 2
    Placed: 1
Backtracks: 0
  Filename: input/bad9x9.txt

Move: 2, Removing 2 from 1,2 (cell: 2).
Moves: 2
+-------+-------+-------+
| 4     | 6 9 8 |   7   |
|   2 7 |     5 |   4 8 |
| 6 1 8 |       | 9   5 |
+-------+-------+-------+
| 9 9 6 | 5     | 2 3 7 |
|       |   7   |       |
| 7 5 4 |     3 | 8   9 |
+-------+-------+-------+
| 8   2 |       | 7 9 4 |
| 5 4   | 7     | 1 6   |
|   7   | 9   6 |     2 |
+-------+-------+-------+
  Basesize: 3
     Moves: 2
    Placed: 0
Backtracks: 0
  Filename: input/bad9x9.txt

Move: 3, Placing 3 at 1,2 (cell: 2).  
Moves: 3
+-------+-------+-------+
| 4 3   | 6 9 8 |   7   |
|   2 7 |     5 |   4 8 |
| 6 1 8 |       | 9   5 |
+-------+-------+-------+
| 9 9 6 | 5     | 2 3 7 |
|       |   7   |       |
| 7 5 4 |     3 | 8   9 |
+-------+-------+-------+
| 8   2 |       | 7 9 4 |
| 5 4   | 7     | 1 6   |
|   7   | 9   6 |     2 |
+-------+-------+-------+
  Basesize: 3
     Moves: 3
    Placed: 1
Backtracks: 0
  Filename: input/bad9x9.txt

Move: 4, Placing 1 at 1,3 (cell: 3).  Duplicates: #1 at cell 19 (3,2) 
Moves: 4
+-------+-------+-------+
| 4 3 1 | 6 9 8 |   7   |
|   2 7 |     5 |   4 8 |
| 6 1 8 |       | 9   5 |
+-------+-------+-------+
| 9 9 6 | 5     | 2 3 7 |
|       |   7   |       |
| 7 5 4 |     3 | 8   9 |
+-------+-------+-------+
| 8   2 |       | 7 9 4 |
| 5 4   | 7     | 1 6   |
|   7   | 9   6 |     2 |
+-------+-------+-------+
  Basesize: 3
     Moves: 4
    Placed: 2
Backtracks: 0
  Filename: input/bad9x9.txt

Move: 4, Removing 1 from 1,3 (cell: 3).
Moves: 4
+-------+-------+-------+
| 4 3   | 6 9 8 |   7   |
|   2 7 |     5 |   4 8 |
| 6 1 8 |       | 9   5 |
+-------+-------+-------+
| 9 9 6 | 5     | 2 3 7 |
|       |   7   |       |
| 7 5 4 |     3 | 8   9 |
+-------+-------+-------+
| 8   2 |       | 7 9 4 |
| 5 4   | 7     | 1 6   |
|   7   | 9   6 |     2 |
+-------+-------+-------+
  Basesize: 3
     Moves: 4
    Placed: 1
Backtracks: 0
  Filename: input/bad9x9.txt

Move: 5, Placing 2 at 1,3 (cell: 3).  Duplicates: #1 at cell 10 (2,2) #2 at cell 56 (7,3) 
Moves: 5
+-------+-------+-------+
| 4 3 2 | 6 9 8 |   7   |
|   2 7 |     5 |   4 8 |
| 6 1 8 |       | 9   5 |
+-------+-------+-------+
| 9 9 6 | 5     | 2 3 7 |
|       |   7   |       |
| 7 5 4 |     3 | 8   9 |
+-------+-------+-------+
| 8   2 |       | 7 9 4 |
| 5 4   | 7     | 1 6   |
|   7   | 9   6 |     2 |
+-------+-------+-------+
  Basesize: 3
     Moves: 5
    Placed: 2
Backtracks: 0
  Filename: input/bad9x9.txt

Move: 5, Removing 2 from 1,3 (cell: 3).
Moves: 5
+-------+-------+-------+
| 4 3   | 6 9 8 |   7   |
|   2 7 |     5 |   4 8 |
| 6 1 8 |       | 9   5 |
+-------+-------+-------+
| 9 9 6 | 5     | 2 3 7 |
|       |   7   |       |
| 7 5 4 |     3 | 8   9 |
+-------+-------+-------+
| 8   2 |       | 7 9 4 |
| 5 4   | 7     | 1 6   |
|   7   | 9   6 |     2 |
+-------+-------+-------+
  Basesize: 3
     Moves: 5
    Placed: 1
Backtracks: 0
  Filename: input/bad9x9.txt

Move: 6, Placing 3 at 1,3 (cell: 3).  Duplicates: #1 at cell 1 (1,2) 
Moves: 6
+-------+-------+-------+
| 4 3 3 | 6 9 8 |   7   |
|   2 7 |     5 |   4 8 |
| 6 1 8 |       | 9   5 |
+-------+-------+-------+
| 9 9 6 | 5     | 2 3 7 |
|       |   7   |       |
| 7 5 4 |     3 | 8   9 |
+-------+-------+-------+
| 8   2 |       | 7 9 4 |
| 5 4   | 7     | 1 6   |
|   7   | 9   6 |     2 |
+-------+-------+-------+
  Basesize: 3
     Moves: 6
    Placed: 2
Backtracks: 0
  Filename: input/bad9x9.txt

Move: 6, Removing 3 from 1,3 (cell: 3).
Moves: 6
+-------+-------+-------+
| 4 3   | 6 9 8 |   7   |
|   2 7 |     5 |   4 8 |
| 6 1 8 |       | 9   5 |
+-------+-------+-------+
| 9 9 6 | 5     | 2 3 7 |
|       |   7   |       |
| 7 5 4 |     3 | 8   9 |
+-------+-------+-------+
| 8   2 |       | 7 9 4 |
| 5 4   | 7     | 1 6   |
|   7   | 9   6 |     2 |
+-------+-------+-------+
  Basesize: 3
     Moves: 6
    Placed: 1
Backtracks: 0
  Filename: input/bad9x9.txt

Move: 7, Placing 4 at 1,3 (cell: 3).  Duplicates: #1 at cell 0 (1,1) #2 at cell 47 (6,3) 
Moves: 7
+-------+-------+-------+
| 4 3 4 | 6 9 8 |   7   |
|   2 7 |     5 |   4 8 |
| 6 1 8 |       | 9   5 |
+-------+-------+-------+
| 9 9 6 | 5     | 2 3 7 |
|       |   7   |       |
| 7 5 4 |     3 | 8   9 |
+-------+-------+-------+
| 8   2 |       | 7 9 4 |
| 5 4   | 7     | 1 6   |
|   7   | 9   6 |     2 |
+-------+-------+-------+
  Basesize: 3
     Moves: 7
    Placed: 2
Backtracks: 0
  Filename: input/bad9x9.txt

Move: 7, Removing 4 from 1,3 (cell: 3).
Moves: 7
+-------+-------+-------+
| 4 3   | 6 9 8 |   7   |
|   2 7 |     5 |   4 8 |
| 6 1 8 |       | 9   5 |
+-------+-------+-------+
| 9 9 6 | 5     | 2 3 7 |
|       |   7   |       |
| 7 5 4 |     3 | 8   9 |
+-------+-------+-------+
| 8   2 |       | 7 9 4 |
| 5 4   | 7     | 1 6   |
|   7   | 9   6 |     2 |
+-------+-------+-------+
  Basesize: 3
     Moves: 7
    Placed: 1
Backtracks: 0
  Filename: input/bad9x9.txt

Move: 8, Placing 5 at 1,3 (cell: 3).  
Moves: 8
+-------+-------+-------+
| 4 3 5 | 6 9 8 |   7   |
|   2 7 |     5 |   4 8 |
| 6 1 8 |       | 9   5 |
+-------+-------+-------+
| 9 9 6 | 5     | 2 3 7 |
|       |   7   |       |
| 7 5 4 |     3 | 8   9 |
+-------+-------+-------+
| 8   2 |       | 7 9 4 |
| 5 4   | 7     | 1 6   |
|   7   | 9   6 |     2 |
+-------+-------+-------+
  Basesize: 3
     Moves: 8
    Placed: 2
Backtracks: 0
  Filename: input/bad9x9.txt

Move: 9, Placing 1 at 1,7 (cell: 7).  Duplicates: #1 at cell 69 (8,7) 
Moves: 9
+-------+-------+-------+
| 4 3 5 | 6 9 8 | 1 7   |
|   2 7 |     5 |   4 8 |
| 6 1 8 |       | 9   5 |
+-------+-------+-------+
| 9 9 6 | 5     | 2 3 7 |
|       |   7   |       |
| 7 5 4 |     3 | 8   9 |
+-------+-------+-------+
| 8   2 |       | 7 9 4 |
| 5 4   | 7     | 1 6   |
|   7   | 9   6 |     2 |
+-------+-------+-------+
  Basesize: 3
     Moves: 9
    Placed: 3
Backtracks: 0
  Filename: input/bad9x9.txt

Move: 9, Removing 1 from 1,7 (cell: 7).
Moves: 9
+-------+-------+-------+
| 4 3 5 | 6 9 8 |   7   |
|   2 7 |     5 |   4 8 |
| 6 1 8 |       | 9   5 |
+-------+-------+-------+
| 9 9 6 | 5     | 2 3 7 |
|       |   7   |       |
| 7 5 4 |     3 | 8   9 |
+-------+-------+-------+
| 8   2 |       | 7 9 4 |
| 5 4   | 7     | 1 6   |
|   7   | 9   6 |     2 |
+-------+-------+-------+
  Basesize: 3
     Moves: 9
    Placed: 2
Backtracks: 0
  Filename: input/bad9x9.txt

Move: 10, Placing 2 at 1,7 (cell: 7).  Duplicates: #1 at cell 33 (4,7) 
Moves: 10
+-------+-------+-------+
| 4 3 5 | 6 9 8 | 2 7   |
|   2 7 |     5 |   4 8 |
| 6 1 8 |       | 9   5 |
+-------+-------+-------+
| 9 9 6 | 5     | 2 3 7 |
|       |   7   |       |
| 7 5 4 |     3 | 8   9 |
+-------+-------+-------+
| 8   2 |       | 7 9 4 |
| 5 4   | 7     | 1 6   |
|   7   | 9   6 |     2 |
+-------+-------+-------+
  Basesize: 3
     Moves: 10
    Placed: 3
Backtracks: 0
  Filename: input/bad9x9.txt

Move: 10, Removing 2 from 1,7 (cell: 7).
Moves: 10
+-------+-------+-------+
| 4 3 5 | 6 9 8 |   7   |
|   2 7 |     5 |   4 8 |
| 6 1 8 |       | 9   5 |
+-------+-------+-------+
| 9 9 6 | 5     | 2 3 7 |
|       |   7   |       |
| 7 5 4 |     3 | 8   9 |
+-------+-------+-------+
| 8   2 |       | 7 9 4 |
| 5 4   | 7     | 1 6   |
|   7   | 9   6 |     2 |
+-------+-------+-------+
  Basesize: 3
     Moves: 10
    Placed: 2
Backtracks: 0
  Filename: input/bad9x9.txt

Move: 11, Placing 3 at 1,7 (cell: 7).  Duplicates: #1 at cell 1 (1,2) 
Moves: 11
+-------+-------+-------+
| 4 3 5 | 6 9 8 | 3 7   |
|   2 7 |     5 |   4 8 |
| 6 1 8 |       | 9   5 |
+-------+-------+-------+
| 9 9 6 | 5     | 2 3 7 |
|       |   7   |       |
| 7 5 4 |     3 | 8   9 |
+-------+-------+-------+
| 8   2 |       | 7 9 4 |
| 5 4   | 7     | 1 6   |
|   7   | 9   6 |     2 |
+-------+-------+-------+
  Basesize: 3
     Moves: 11
    Placed: 3
Backtracks: 0
  Filename: input/bad9x9.txt

Move: 11, Removing 3 from 1,7 (cell: 7).
Moves: 11
+-------+-------+-------+
| 4 3 5 | 6 9 8 |   7   |
|   2 7 |     5 |   4 8 |
| 6 1 8 |       | 9   5 |
+-------+-------+-------+
| 9 9 6 | 5     | 2 3 7 |
|       |   7   |       |
| 7 5 4 |     3 | 8   9 |
+-------+-------+-------+
| 8   2 |       | 7 9 4 |
| 5 4   | 7     | 1 6   |
|   7   | 9   6 |     2 |
+-------+-------+-------+
  Basesize: 3
     Moves: 11
    Placed: 2
Backtracks: 0
  Filename: input/bad9x9.txt

Move: 12, Placing 4 at 1,7 (cell: 7).  Duplicates: #1 at cell 0 (1,1) #2 at cell 16 (2,8) 
Moves: 12
+-------+-------+-------+
| 4 3 5 | 6 9 8 | 4 7   |
|   2 7 |     5 |   4 8 |
| 6 1 8 |       | 9   5 |
+-------+-------+-------+
| 9 9 6 | 5     | 2 3 7 |
|       |   7   |       |
| 7 5 4 |     3 | 8   9 |
+-------+-------+-------+
| 8   2 |       | 7 9 4 |
| 5 4   | 7     | 1 6   |
|   7   | 9   6 |     2 |
+-------+-------+-------+
  Basesize: 3
     Moves: 12
    Placed: 3
Backtracks: 0
  Filename: input/bad9x9.txt

Move: 12, Removing 4 from 1,7 (cell: 7).
Moves: 12
+-------+-------+-------+
| 4 3 5 | 6 9 8 |   7   |
|   2 7 |     5 |   4 8 |
| 6 1 8 |       | 9   5 |
+-------+-------+-------+
| 9 9 6 | 5     | 2 3 7 |
|       |   7   |       |
| 7 5 4 |     3 | 8   9 |
+-------+-------+-------+
| 8   2 |       | 7 9 4 |
| 5 4   | 7     | 1 6   |
|   7   | 9   6 |     2 |
+-------+-------+-------+
  Basesize: 3
     Moves: 12
    Placed: 2
Backtracks: 0
  Filename: input/bad9x9.txt

Move: 13, Placing 5 at 1,7 (cell: 7).  Duplicates: #1 at cell 2 (1,3) #2 at cell 26 (3,9) 
Moves: 13
+-------+-------+-------+
| 4 3 5 | 6 9 8 | 5 7   |
|   2 7 |     5 |   4 8 |
| 6 1 8 |       | 9   5 |
+-------+-------+-------+
| 9 9 6 | 5     | 2 3 7 |
|       |   7   |       |
| 7 5 4 |     3 | 8   9 |
+-------+-------+-------+
| 8   2 |       | 7 9 4 |
| 5 4   | 7     | 1 6   |
|   7   | 9   6 |     2 |
+-------+-------+-------+
  Basesize: 3
     Moves: 13
    Placed: 3
Backtracks: 0
  Filename: input/bad9x9.txt

Move: 13, Removing 5 from 1,7 (cell: 7).
Moves: 13
+-------+-------+-------+
| 4 3 5 | 6 9 8 |   7   |
|   2 7 |     5 |   4 8 |
| 6 1 8 |       | 9   5 |
+-------+-------+-------+
| 9 9 6 | 5     | 2 3 7 |
|       |   7   |       |
| 7 5 4 |     3 | 8   9 |
+-------+-------+-------+
| 8   2 |       | 7 9 4 |
| 5 4   | 7     | 1 6   |
|   7   | 9   6 |     2 |
+-------+-------+-------+
  Basesize: 3
     Moves: 13
    Placed: 2
Backtracks: 0
  Filename: input/bad9x9.txt

Move: 14, Placing 6 at 1,7 (cell: 7).  Duplicates: #1 at cell 3 (1,4) 
Moves: 14
+-------+-------+-------+
| 4 3 5 | 6 9 8 | 6 7   |
|   2 7 |     5 |   4 8 |
| 6 1 8 |       | 9   5 |
+-------+-------+-------+
| 9 9 6 | 5     | 2 3 7 |
|       |   7   |       |
| 7 5 4 |     3 | 8   9 |
+-------+-------+-------+
| 8   2 |       | 7 9 4 |
| 5 4   | 7     | 1 6   |
|   7   | 9   6 |     2 |
+-------+-------+-------+
  Basesize: 3
     Moves: 14
    Placed: 3
Backtracks: 0
  Filename: input/bad9x9.txt

Move: 14, Removing 6 from 1,7 (cell: 7).
Moves: 14
+-------+-------+-------+
| 4 3 5 | 6 9 8 |   7   |
|   2 7 |     5 |   4 8 |
| 6 1 8 |       | 9   5 |
+-------+-------+-------+
| 9 9 6 | 5     | 2 3 7 |
|       |   7   |       |
| 7 5 4 |     3 | 8   9 |
+-------+-------+-------+
| 8   2 |       | 7 9 4 |
| 5 4   | 7     | 1 6   |
|   7   | 9   6 |     2 |
+-------+-------+-------+
  Basesize: 3
     Moves: 14
    Placed: 2
Backtracks: 0
  Filename: input/bad9x9.txt

Move: 15, Placing 7 at 1,7 (cell: 7).  Duplicates: #1 at cell 7 (1,8) #2 at cell 60 (7,7) 
Moves: 15
+-------+-------+-------+
| 4 3 5 | 6 9 8 | 7 7   |
|   2 7 |     5 |   4 8 |
| 6 1 8 |       | 9   5 |
+-------+-------+-------+
| 9 9 6 | 5     | 2 3 7 |
|       |   7   |       |
| 7 5 4 |     3 | 8   9 |
+-------+-------+-------+
| 8   2 |       | 7 9 4 |
| 5 4   | 7     | 1 6   |
|   7   | 9   6 |     2 |
+-------+-------+-------+
  Basesize: 3
     Moves: 15
    Placed: 3
Backtracks: 0
  Filename: input/bad9x9.txt

Move: 15, Removing 7 from 1,7 (cell: 7).
Moves: 15
+-------+-------+-------+
| 4 3 5 | 6 9 8 |   7   |
|   2 7 |     5 |   4 8 |
| 6 1 8 |       | 9   5 |
+-------+-------+-------+
| 9 9 6 | 5     | 2 3 7 |
|       |   7   |       |
| 7 5 4 |     3 | 8   9 |
+-------+-------+-------+
| 8   2 |       | 7 9 4 |
| 5 4   | 7     | 1 6   |
|   7   | 9   6 |     2 |
+-------+-------+-------+
  Basesize: 3
     Moves: 15
    Placed: 2
Backtracks: 0
  Filename: input/bad9x9.txt

Move: 16, Placing 8 at 1,7 (cell: 7).  Duplicates: #1 at cell 5 (1,6) #2 at cell 17 (2,9) #3 at cell 51 (6,7) 
Moves: 16
+-------+-------+-------+
| 4 3 5 | 6 9 8 | 8 7   |
|   2 7 |     5 |   4 8 |
| 6 1 8 |       | 9   5 |
+-------+-------+-------+
| 9 9 6 | 5     | 2 3 7 |
|       |   7   |       |
| 7 5 4 |     3 | 8   9 |
+-------+-------+-------+
| 8   2 |       | 7 9 4 |
| 5 4   | 7     | 1 6   |
|   7   | 9   6 |     2 |
+-------+-------+-------+
  Basesize: 3
     Moves: 16
    Placed: 3
Backtracks: 0
  Filename: input/bad9x9.txt

Move: 16, Removing 8 from 1,7 (cell: 7).
Moves: 16
+-------+-------+-------+
| 4 3 5 | 6 9 8 |   7   |
|   2 7 |     5 |   4 8 |
| 6 1 8 |       | 9   5 |
+-------+-------+-------+
| 9 9 6 | 5     | 2 3 7 |
|       |   7   |       |
| 7 5 4 |     3 | 8   9 |
+-------+-------+-------+
| 8   2 |       | 7 9 4 |
| 5 4   | 7     | 1 6   |
|   7   | 9   6 |     2 |
+-------+-------+-------+
  Basesize: 3
     Moves: 16
    Placed: 2
Backtracks: 0
  Filename: input/bad9x9.txt

Move: 17, Placing 9 at 1,7 (cell: 7).  Duplicates: #1 at cell 4 (1,5) #2 at cell 24 (3,7) 
Moves: 17
+-------+-------+-------+
| 4 3 5 | 6 9 8 | 9 7   |
|   2 7 |     5 |   4 8 |
| 6 1 8 |       | 9   5 |
+-------+-------+-------+
| 9 9 6 | 5     | 2 3 7 |
|       |   7   |       |
| 7 5 4 |     3 | 8   9 |
+-------+-------+-------+
| 8   2 |       | 7 9 4 |
| 5 4   | 7     | 1 6   |
|   7   | 9   6 |     2 |
+-------+-------+-------+
  Basesize: 3
     Moves: 17
    Placed: 3
Backtracks: 0
  Filename: input/bad9x9.txt

Move: 17, Removing 9 from 1,7 (cell: 7).
Moves: 17
+-------+-------+-------+
| 4 3 5 | 6 9 8 |   7   |
|   2 7 |     5 |   4 8 |
| 6 1 8 |       | 9   5 |
+-------+-------+-------+
| 9 9 6 | 5     | 2 3 7 |
|       |   7   |       |
| 7 5 4 |     3 | 8   9 |
+-------+-------+-------+
| 8   2 |       | 7 9 4 |
| 5 4   | 7     | 1 6   |
|   7   | 9   6 |     2 |
+-------+-------+-------+
  Basesize: 3
     Moves: 17
    Placed: 2
Backtracks: 0
  Filename: input/bad9x9.txt

Move: 17, Removing 5 from 1,3 (cell: 3).
Moves: 17
+-------+-------+-------+
| 4 3   | 6 9 8 |   7   |
|   2 7 |     5 |   4 8 |
| 6 1 8 |       | 9   5 |
+-------+-------+-------+
| 9 9 6 | 5     | 2 3 7 |
|       |   7   |       |
| 7 5 4 |     3 | 8   9 |
+-------+-------+-------+
| 8   2 |       | 7 9 4 |
| 5 4   | 7     | 1 6   |
|   7   | 9   6 |     2 |
+-------+-------+-------+
  Basesize: 3
     Moves: 17
    Placed: 1
Backtracks: 1
  Filename: input/bad9x9.txt

Move: 18, Placing 6 at 1,3 (cell: 3).  Duplicates: #1 at cell 3 (1,4) #2 at cell 18 (3,1) #3 at cell 29 (4,3) 
Moves: 18
+-------+-------+-------+
| 4 3 6 | 6 9 8 |   7   |
|   2 7 |     5 |   4 8 |
| 6 1 8 |       | 9   5 |
+-------+-------+-------+
| 9 9 6 | 5     | 2 3 7 |
|       |   7   |       |
| 7 5 4 |     3 | 8   9 |
+-------+-------+-------+
| 8   2 |       | 7 9 4 |
| 5 4   | 7     | 1 6   |
|   7   | 9   6 |     2 |
+-------+-------+-------+
  Basesize: 3
     Moves: 18
    Placed: 2
Backtracks: 1
  Filename: input/bad9x9.txt

Move: 18, Removing 6 from 1,3 (cell: 3).
Moves: 18
+-------+-------+-------+
| 4 3   | 6 9 8 |   7   |
|   2 7 |     5 |   4 8 |
| 6 1 8 |       | 9   5 |
+-------+-------+-------+
| 9 9 6 | 5     | 2 3 7 |
|       |   7   |       |
| 7 5 4 |     3 | 8   9 |
+-------+-------+-------+
| 8   2 |       | 7 9 4 |
| 5 4   | 7     | 1 6   |
|   7   | 9   6 |     2 |
+-------+-------+-------+
  Basesize: 3
     Moves: 18
    Placed: 1
Backtracks: 1
  Filename: input/bad9x9.txt

Move: 19, Placing 7 at 1,3 (cell: 3).  Duplicates: #1 at cell 7 (1,8) #2 at cell 11 (2,3) 
Moves: 19
+-------+-------+-------+
| 4 3 7 | 6 9 8 |   7   |
|   2 7 |     5 |   4 8 |
| 6 1 8 |       | 9   5 |
+-------+-------+-------+
| 9 9 6 | 5     | 2 3 7 |
|       |   7   |       |
| 7 5 4 |     3 | 8   9 |
+-------+-------+-------+
| 8   2 |       | 7 9 4 |
| 5 4   | 7     | 1 6   |
|   7   | 9   6 |     2 |
+-------+-------+-------+
  Basesize: 3
     Moves: 19
    Placed: 2
Backtracks: 1
  Filename: input/bad9x9.txt

Move: 19, Removing 7 from 1,3 (cell: 3).
Moves: 19
+-------+-------+-------+
| 4 3   | 6 9 8 |   7   |
|   2 7 |     5 |   4 8 |
| 6 1 8 |       | 9   5 |
+-------+-------+-------+
| 9 9 6 | 5     | 2 3 7 |
|       |   7   |       |
| 7 5 4 |     3 | 8   9 |
+-------+-------+-------+
| 8   2 |       | 7 9 4 |
| 5 4   | 7     | 1 6   |
|   7   | 9   6 |     2 |
+-------+-------+-------+
  Basesize: 3
     Moves: 19
    Placed: 1
Backtracks: 1
  Filename: input/bad9x9.txt

Move: 20, Placing 8 at 1,3 (cell: 3).  Duplicates: #1 at cell 5 (1,6) #2 at cell 20 (3,3) 
Moves: 20
+-------+-------+-------+
| 4 3 8 | 6 9 8 |   7   |
|   2 7 |     5 |   4 8 |
| 6 1 8 |       | 9   5 |
+-------+-------+-------+
| 9 9 6 | 5     | 2 3 7 |
|       |   7   |       |
| 7 5 4 |     3 | 8   9 |
+-------+-------+-------+
| 8   2 |       | 7 9 4 |
| 5 4   | 7     | 1 6   |
|   7   | 9   6 |     2 |
+-------+-------+-------+
  Basesize: 3
     Moves: 20
    Placed: 2
Backtracks: 1
  Filename: input/bad9x9.txt

Move: 20, Removing 8 from 1,3 (cell: 3).
Moves: 20
+-------+-------+-------+
| 4 3   | 6 9 8 |   7   |
|   2 7 |     5 |   4 8 |
| 6 1 8 |       | 9   5 |
+-------+-------+-------+
| 9 9 6 | 5     | 2 3 7 |
|       |   7   |       |
| 7 5 4 |     3 | 8   9 |
+-------+-------+-------+
| 8   2 |       | 7 9 4 |
| 5 4   | 7     | 1 6   |
|   7   | 9   6 |     2 |
+-------+-------+-------+
  Basesize: 3
     Moves: 20
    Placed: 1
Backtracks: 1
  Filename: input/bad9x9.txt

Move: 21, Placing 9 at 1,3 (cell: 3).  Duplicates: #1 at cell 4 (1,5) 
Moves: 21
+-------+-------+-------+
| 4 3 9 | 6 9 8 |   7   |
|   2 7 |     5 |   4 8 |
| 6 1 8 |       | 9   5 |
+-------+-------+-------+
| 9 9 6 | 5     | 2 3 7 |
|       |   7   |       |
| 7 5 4 |     3 | 8   9 |
+-------+-------+-------+
| 8   2 |       | 7 9 4 |
| 5 4   | 7     | 1 6   |
|   7   | 9   6 |     2 |
+-------+-------+-------+
  Basesize: 3
     Moves: 21
    Placed: 2
Backtracks: 1
  Filename: input/bad9x9.txt

Move: 21, Removing 9 from 1,3 (cell: 3).
Moves: 21
+-------+-------+-------+
| 4 3   | 6 9 8 |   7   |
|   2 7 |     5 |   4 8 |
| 6 1 8 |       | 9   5 |
+-------+-------+-------+
| 9 9 6 | 5     | 2 3 7 |
|       |   7   |       |
| 7 5 4 |     3 | 8   9 |
+-------+-------+-------+
| 8   2 |       | 7 9 4 |
| 5 4   | 7     | 1 6   |
|   7   | 9   6 |     2 |
+-------+-------+-------+
  Basesize: 3
     Moves: 21
    Placed: 1
Backtracks: 1
  Filename: input/bad9x9.txt

Move: 21, Removing 3 from 1,2 (cell: 2).
Moves: 21
+-------+-------+-------+
| 4     | 6 9 8 |   7   |
|   2 7 |     5 |   4 8 |
| 6 1 8 |       | 9   5 |
+-------+-------+-------+
| 9 9 6 | 5     | 2 3 7 |
|       |   7   |       |
| 7 5 4 |     3 | 8   9 |
+-------+-------+-------+
| 8   2 |       | 7 9 4 |
| 5 4   | 7     | 1 6   |
|   7   | 9   6 |     2 |
+-------+-------+-------+
  Basesize: 3
     Moves: 21
    Placed: 0
Backtracks: 2
  Filename: input/bad9x9.txt

Move: 22, Placing 4 at 1,2 (cell: 2).  Duplicates: #1 at cell 0 (1,1) #2 at cell 64 (8,2) 
Moves: 22
+-------+-------+-------+
| 4 4   | 6 9 8 |   7   |
|   2 7 |     5 |   4 8 |
| 6 1 8 |       | 9   5 |
+-------+-------+-------+
| 9 9 6 | 5     | 2 3 7 |
|       |   7   |       |
| 7 5 4 |     3 | 8   9 |
+-------+-------+-------+
| 8   2 |       | 7 9 4 |
| 5 4   | 7     | 1 6   |
|   7   | 9   6 |     2 |
+-------+-------+-------+
  Basesize: 3
     Moves: 22
    Placed: 1
Backtracks: 2
  Filename: input/bad9x9.txt

Move: 22, Removing 4 from 1,2 (cell: 2).
Moves: 22
+-------+-------+-------+
| 4     | 6 9 8 |   7   |
|   2 7 |     5 |   4 8 |
| 6 1 8 |       | 9   5 |
+-------+-------+-------+
| 9 9 6 | 5     | 2 3 7 |
|       |   7   |       |
| 7 5 4 |     3 | 8   9 |
+-------+-------+-------+
| 8   2 |       | 7 9 4 |
| 5 4   | 7     | 1 6   |
|   7   | 9   6 |     2 |
+-------+-------+-------+
  Basesize: 3
     Moves: 22
    Placed: 0
Backtracks: 2
  Filename: input/bad9x9.txt

Move: 23, Placing 5 at 1,2 (cell: 2).  Duplicates: #1 at cell 46 (6,2) 
Moves: 23
+-------+-------+-------+
| 4 5   | 6 9 8 |   7   |
|   2 7 |     5 |   4 8 |
| 6 1 8 |       | 9   5 |
+-------+-------+-------+
| 9 9 6 | 5     | 2 3 7 |
|       |   7   |       |
| 7 5 4 |     3 | 8   9 |
+-------+-------+-------+
| 8   2 |       | 7 9 4 |
| 5 4   | 7     | 1 6   |
|   7   | 9   6 |     2 |
+-------+-------+-------+
  Basesize: 3
     Moves: 23
    Placed: 1
Backtracks: 2
  Filename: input/bad9x9.txt

Move: 23, Removing 5 from 1,2 (cell: 2).
Moves: 23
+-------+-------+-------+
| 4     | 6 9 8 |   7   |
|   2 7 |     5 |   4 8 |
| 6 1 8 |       | 9   5 |
+-------+-------+-------+
| 9 9 6 | 5     | 2 3 7 |
|       |   7   |       |
| 7 5 4 |     3 | 8   9 |
+-------+-------+-------+
| 8   2 |       | 7 9 4 |
| 5 4   | 7     | 1 6   |
|   7   | 9   6 |     2 |
+-------+-------+-------+
  Basesize: 3
     Moves: 23
    Placed: 0
Backtracks: 2
  Filename: input/bad9x9.txt

Move: 24, Placing 6 at 1,2 (cell: 2).  Duplicates: #1 at cell 3 (1,4) #2 at cell 18 (3,1) 
Moves: 24
+-------+-------+-------+
| 4 6   | 6 9 8 |   7   |
|   2 7 |     5 |   4 8 |
| 6 1 8 |       | 9   5 |
+-------+-------+-------+
| 9 9 6 | 5     | 2 3 7 |
|       |   7   |       |
| 7 5 4 |     3 | 8   9 |
+-------+-------+-------+
| 8   2 |       | 7 9 4 |
| 5 4   | 7     | 1 6   |
|   7   | 9   6 |     2 |
+-------+-------+-------+
  Basesize: 3
     Moves: 24
    Placed: 1
Backtracks: 2
  Filename: input/bad9x9.txt

Move: 24, Removing 6 from 1,2 (cell: 2).
Moves: 24
+-------+-------+-------+
| 4     | 6 9 8 |   7   |
|   2 7 |     5 |   4 8 |
| 6 1 8 |       | 9   5 |
+-------+-------+-------+
| 9 9 6 | 5     | 2 3 7 |
|       |   7   |       |
| 7 5 4 |     3 | 8   9 |
+-------+-------+-------+
| 8   2 |       | 7 9 4 |
| 5 4   | 7     | 1 6   |
|   7   | 9   6 |     2 |
+-------+-------+-------+
  Basesize: 3
     Moves: 24
    Placed: 0
Backtracks: 2
  Filename: input/bad9x9.txt

Move: 25, Placing 7 at 1,2 (cell: 2).  Duplicates: #1 at cell 7 (1,8) #2 at cell 11 (2,3) #3 at cell 73 (9,2) 
Moves: 25
+-------+-------+-------+
| 4 7   | 6 9 8 |   7   |
|   2 7 |     5 |   4 8 |
| 6 1 8 |       | 9   5 |
+-------+-------+-------+
| 9 9 6 | 5     | 2 3 7 |
|       |   7   |       |
| 7 5 4 |     3 | 8   9 |
+-------+-------+-------+
| 8   2 |       | 7 9 4 |
| 5 4   | 7     | 1 6   |
|   7   | 9   6 |     2 |
+-------+-------+-------+
  Basesize: 3
     Moves: 25
    Placed: 1
Backtracks: 2
  Filename: input/bad9x9.txt

Move: 25, Removing 7 from 1,2 (cell: 2).
Moves: 25
+-------+-------+-------+
| 4     | 6 9 8 |   7   |
|   2 7 |     5 |   4 8 |
| 6 1 8 |       | 9   5 |
+-------+-------+-------+
| 9 9 6 | 5     | 2 3 7 |
|       |   7   |       |
| 7 5 4 |     3 | 8   9 |
+-------+-------+-------+
| 8   2 |       | 7 9 4 |
| 5 4   | 7     | 1 6   |
|   7   | 9   6 |     2 |
+-------+-------+-------+
  Basesize: 3
     Moves: 25
    Placed: 0
Backtracks: 2
  Filename: input/bad9x9.txt

Move: 26, Placing 8 at 1,2 (cell: 2).  Duplicates: #1 at cell 5 (1,6) #2 at cell 20 (3,3) 
Moves: 26
+-------+-------+-------+
| 4 8   | 6 9 8 |   7   |
|   2 7 |     5 |   4 8 |
| 6 1 8 |       | 9   5 |
+-------+-------+-------+
| 9 9 6 | 5     | 2 3 7 |
|       |   7   |       |
| 7 5 4 |     3 | 8   9 |
+-------+-------+-------+
| 8   2 |       | 7 9 4 |
| 5 4   | 7     | 1 6   |
|   7   | 9   6 |     2 |
+-------+-------+-------+
  Basesize: 3
     Moves: 26
    Placed: 1
Backtracks: 2
  Filename: input/bad9x9.txt

Move: 26, Removing 8 from 1,2 (cell: 2).
Moves: 26
+-------+-------+-------+
| 4     | 6 9 8 |   7   |
|   2 7 |     5 |   4 8 |
| 6 1 8 |       | 9   5 |
+-------+-------+-------+
| 9 9 6 | 5     | 2 3 7 |
|       |   7   |       |
| 7 5 4 |     3 | 8   9 |
+-------+-------+-------+
| 8   2 |       | 7 9 4 |
| 5 4   | 7     | 1 6   |
|   7   | 9   6 |     2 |
+-------+-------+-------+
  Basesize: 3
     Moves: 26
    Placed: 0
Backtracks: 2
  Filename: input/bad9x9.txt

Move: 27, Placing 9 at 1,2 (cell: 2).  Duplicates: #1 at cell 4 (1,5) #2 at cell 28 (4,2) 
Moves: 27
+-------+-------+-------+
| 4 9   | 6 9 8 |   7   |
|   2 7 |     5 |   4 8 |
| 6 1 8 |       | 9   5 |
+-------+-------+-------+
| 9 9 6 | 5     | 2 3 7 |
|       |   7   |       |
| 7 5 4 |     3 | 8   9 |
+-------+-------+-------+
| 8   2 |       | 7 9 4 |
| 5 4   | 7     | 1 6   |
|   7   | 9   6 |     2 |
+-------+-------+-------+
  Basesize: 3
     Moves: 27
    Placed: 1
Backtracks: 2
  Filename: input/bad9x9.txt

Move: 27, Removing 9 from 1,2 (cell: 2).
Moves: 27
+-------+-------+-------+
| 4     | 6 9 8 |   7   |
|   2 7 |     5 |   4 8 |
| 6 1 8 |       | 9   5 |
+-------+-------+-------+
| 9 9 6 | 5     | 2 3 7 |
|       |   7   |       |
| 7 5 4 |     3 | 8   9 |
+-------+-------+-------+
| 8   2 |       | 7 9 4 |
| 5 4   | 7     | 1 6   |
|   7   | 9   6 |     2 |
+-------+-------+-------+
  Basesize: 3
     Moves: 27
    Placed: 0
Backtracks: 2
  Filename: input/bad9x9.txt

No solution found after 27 moves
  Basesize: 3
     Moves: 27
    Placed: 0
Backtracks: 2
  Filename: input/bad9x9.txt

